-5.59364
0.95386
-7.64960
1.30385
0.20832
-4.68628
-4.19479
-7.54467
-3.30050
3.42755
-3.08106
0.21490
1.18969
-0.08454
2.41204
-4.71197
-1.45441
1.64992
5.07762
0.54119
-2.51903
8.69412
4.63028
-0.62233
-3.76197
3.53021
9.45626
7.54438
-1.73785
6.44370
0.52738
0.01046
-3.85673
-2.33198
2.22877
-3.28371
2.83189
-8.26920
4.33663
-1.22633
7.17919
-3.48063
1.12276
2.33631
-5.13568
-5.92323
-2.32674
3.28771
6.59707
0.79936
-2.97362
-0.50971
-8.60323
-4.38549
-2.37710
2.95647
0.62998
-0.95942
-7.86341
-4.91330
1.57024
-4.05988
-0.40411
6.81716
2.27663
12.62805
-9.34915
-0.47934
5.96585
1.46885
-7.63403
-4.74263
-7.19976
0.01395
-0.38159
-0.79696
0.81367
3.42683
4.75308
-1.99466
6.34350
-0.00231
-0.69128
-5.98264
4.18684
0.33118
-1.56147
-2.53896
0.16768
2.64752
0.44543
-3.12148
-2.14558
-1.28037
4.45296
4.20579
0.98832
-3.90253
9.29475
-3.71545
-8.50009
-1.12254
4.90617
-3.31274
-0.54629
1.49137
-0.23168
6.83189
-0.43716
0.54059
-5.97002
2.03357
-7.40119
-5.69293
-3.98736
3.67675
0.90252
-0.00027
4.85261
-5.61367
5.17362
2.83640
-3.96926
3.18401
1.24581
-5.02194
2.47065
2.71773
4.76023
3.11307
0.45047
-3.96930
-8.43099
-1.69800
-1.55852
4.22507
-0.86009
1.02078
-3.78973
1.90620
-3.58328
1.52711
2.92264
1.26124
-13.46208
2.28251
0.77754
-8.42494
2.17364
1.36012
-2.83033
2.34119
-4.36917
-3.91861
1.96268
-1.59297
3.84321
-6.68836
6.27708
-8.02919
1.20804
-0.41569
-0.23195
-11.81117
-8.35409
-5.71654
-1.92133
3.76287
6.92778
-0.12168
0.04407
5.84654
-3.58111
-10.24124
2.14762
0.72693
-0.73247
-4.96660
-2.36629
1.83516
-3.58271
2.21030
-0.66481
-6.16482
2.22934
3.51836
9.59639
11.59204
-1.74239
-4.46595
-0.09553
2.18825
0.55783
4.40030
-6.71821
5.22330
-6.00862
-1.85879
11.05908
0.89716
0.19928
-2.87569
7.97969
-2.73962
-0.28202
-0.47099
-7.56948
-0.84968
6.43249
-4.46896
-5.83696
-2.23584
3.96466
-9.03868
-6.36221
3.34874
-9.00210
10.47797
-4.42211
3.81814
5.65203
-0.45812
3.73862
5.36115
2.88843
-2.33089
0.60194
4.39593
1.58788
-8.24956
-2.16695
9.54908
0.67556
-1.08989
0.28636
9.61779
3.92033
4.29799
3.90681
-0.82002
3.54978
6.89385
-7.15043
0.07307
-6.45094
-0.62129
-3.87624
3.92261
-1.18311
-5.03585
-6.94134
2.82953
4.36500
-4.16792
-14.00892
6.08112
-4.43451
-6.03907
-0.25136
4.26489
3.67707
7.53450
-0.64397
-0.74338
11.41128
0.23415
0.01553
-4.88000
-0.81235
-7.15535
-0.13736
1.48803
1.07151
1.38280
4.43694
0.21080
-5.16375
1.18133
0.43653
-2.92051
-1.89478
5.30638
0.83753
3.09984
2.73679
-0.79406
-0.95020
-6.08064
-3.07213
-3.91771
-5.72368
2.70219
-4.05656
-1.39126
0.20413
-1.28814
4.95688
1.15821
-7.53547
9.39467
3.68267
-2.02388
-2.12300
5.12608
-4.64259
-8.78108
0.22390
-2.99823
-4.52094
12.36132
1.31242
-2.88083
5.12735
5.93104
3.95801
-0.42921
3.82751
4.62803
0.03914
1.42433
-6.44938
-3.85593
4.92728
7.56383
2.99329
-10.27272
7.15287
3.95614
1.56007
-1.68186
7.76821
1.72252
-0.31719
6.09392
-7.91938
-3.51000
12.62413
3.26810
3.50126
5.68386
1.89667
-13.39249
0.77477
-1.58886
0.86241
-0.84784
-4.66825
4.01484
1.54049
5.99140
-13.10451
-0.17829
-2.51527
-3.21450
4.33977
-11.44709
8.21166
-6.05673
2.59188
3.54361
-4.38647
-3.04391
-2.48328
4.12302
-3.43037
-2.81003
-1.87683
10.21573
-1.69899
-3.05365
0.27620
-4.56601
6.13374
3.94161
-7.82883
0.57934
-2.71211
-1.29812
-6.02316
-0.87758
-0.35225
10.05839
-6.49562
0.35952
-9.37760
-1.02467
-0.32641
-6.95994
1.67787
-0.53149
8.20603
7.17123
0.03708
1.30962
-4.51324
2.54287
4.44078
-3.14304
-1.42340
2.66065
4.29026
7.23173
-2.66729
2.52842
4.32269
2.48447
10.36252
1.38389
-1.14217
-2.60959
1.73947
-3.47687
-0.61270
-2.77889
-2.62279
-4.36007
3.87225
-7.79961
-7.98866
0.25332
5.06045
-7.68181
4.55485
4.01552
2.70359
2.57808
-1.22578
6.25843
5.96324
-4.81447
2.88468
-0.34052
-10.15666
-12.57980
2.18054
-4.50092
6.68656
-1.04941
-1.06147
0.85527
1.71741
3.25719
0.45846
0.79824
7.17380
0.71907
-9.69084
5.53119
1.65114
-5.36756
-4.99191
-0.20270
0.31350
3.59314
2.81009
-1.95391
5.20373
-0.48142
-1.72006
4.58948
0.34953
2.06482
1.74083
-5.72985
0.98514
-2.63664
-2.96424
-7.36530
-2.69192
2.94103
-4.02390
4.14521
1.41232
-7.55431
-5.99116
-1.89259
-7.11592
4.61583
-2.47142
7.39212
1.16400
2.66072
-1.72552
1.86512
-1.54589
3.30037
0.62236
4.32330
4.33875
2.26945
8.06080
0.63570
1.15412
7.03770
13.06423
-3.80642
4.33023
-2.82516
-1.43478
4.94380
-0.09749
0.07052
-1.81135
-2.49092
2.23899
2.55020
4.09868
-4.45694
2.38561
-0.31052
1.86912
2.60186
0.58260
2.21313
-3.21808
-2.26782
-1.48214
3.00326
4.95409
-0.50095
-3.96517
-0.56881
-3.29068
4.44003
-0.89101
2.63981
2.52273
-1.40653
3.02090
-5.23805
-2.19627
3.69320
-2.68817
3.19725
1.41703
0.50035
-4.61678
1.30224
0.31697
-1.70175
6.13734
-3.14211
-1.21740
-3.04618
-4.78357
4.16472
-1.95396
-4.37843
4.24623
0.28176
0.72783
4.06219
1.61974
-2.66226
-0.48152
-1.69617
0.52987
-0.62452
2.42138
1.69124
-1.94326
-2.26844
0.40949
-1.24167
4.94565
7.29680
-5.76169
-2.91002
2.46498
2.10513
-0.99979
-1.62608
2.16208
5.75041
2.60839
-2.47558
0.76966
0.91611
1.97502
3.98562
0.85435
2.75739
1.02696
0.21114
-3.12209
-0.95645
0.44181
-0.50656
-1.00512
3.87581
5.46668
3.26525
-1.50009
1.80791
5.38463
2.54162
2.39083
4.05975
1.68570
-4.47214
4.21958
1.29865
4.93230
3.48343
6.02504
0.95648
-0.70394
-1.55480
-8.17035
-4.11339
4.13672
-3.58430
0.37925
0.15575
-1.23941
-0.03459
0.17433
-0.05056
0.13250
-4.78266
2.53568
-2.96424
-5.80713
-3.46325
1.76139
-1.05720
5.27521
-4.33465
1.32967
0.05814
2.50493
1.07664
-2.75731
1.60046
-0.69166
2.08433
0.76912
-4.04057
-2.44201
-0.73471
-1.73097
2.10146
1.79777
-2.20781
-1.82203
1.98820
3.16897
0.90163
0.43721
0.12509
-5.52410
-2.43105
0.79755
0.52339
-0.25406
-0.72508
-3.18625
-4.24167
4.90803
-4.99517
-7.02016
0.38440
2.50539
-1.79239
3.47930
-3.82000
0.58641
5.02793
3.62141
-1.81714
-0.41855
-4.53085
-0.26327
7.98983
-1.04229
-2.04832
-3.59440
1.78843
2.45174
-0.09803
1.61895
2.90812
3.07090
-1.08600
-3.60222
5.97373
-1.09236
0.69670
-5.68079
-4.11426
-2.54888
-2.75838
0.14454
-2.19662
-7.50179
0.99779
3.09145
-4.58917
-2.91385
1.68000
-3.17666
-7.53297
0.98100
-0.79165
-3.27417
1.85570
-5.94521
-0.00251
-3.10927
1.60635
1.81866
-4.52400
-5.13553
-3.31747
-4.58911
3.30343
0.01146
-2.89575
6.36112
1.00521
1.06877
-2.71355
2.39085
-0.39403
-2.40673
1.26024
-0.18693
2.72796
1.74527
1.16383
2.16276
-1.07306
3.69542
-0.41597
-4.22300
-1.71610
-3.09720
3.11647
-0.93980
-1.08330
-4.89990
0.37216
2.46671
-0.43164
-1.05666
3.66897
3.81304
-2.26751
-0.91302
1.38402
-1.38381
1.76197
2.56529
-0.92180
1.36412
-2.08431
1.54527
6.20606
3.44277
0.94450
0.79756
2.78382
-6.39210
-1.37188
0.44280
0.26347
-1.23769
-2.32731
-2.19305
-0.01994
0.72069
1.83798
-3.78313
2.78572
0.27059
-1.64038
5.21620
-0.56838
-6.79263
-5.49506
3.13264
-1.61373
4.27777
-0.44396
-1.71687
3.23910
-0.77241
5.00091
-2.87072
-3.81926
-1.26674
-9.75668
-0.04394
1.51542
-0.10611
1.68033
0.36498
1.54860
3.83491
0.94620
4.20701
-0.59006
1.18711
-2.93141
3.82564
0.21277
-1.57387
2.76089
-4.11192
-3.47544
2.44578
-3.86457
-4.45381
4.38612
-2.30628
-1.27322
-4.63483
-0.03183
-3.45507
-0.13266
-5.39474
3.00972
5.58168
0.83761
-1.53515
-0.93737
-3.02548
2.05564
2.29631
1.82513
2.97187
3.04394
-1.15558
-0.17756
2.35132
-1.59591
6.07373
3.87448
3.04441
-1.57928
-6.05225
-2.87449
-0.37729
-0.49103
0.10599
-0.13005
-1.35823
-3.96040
-2.19636
-3.65366
-0.59312
-2.06711
2.65887
2.56901
0.03205
-2.04697
-5.70519
-1.36711
-1.30232
-5.04080
0.56380
0.31865
1.29938
3.39268
-0.81338
-0.53505
2.07751
-0.25029
5.41661
-1.65787
-3.11999
4.38567
-2.53459
-1.00777
-5.02410
-2.91347
-2.51779
-1.51518
-1.65199
1.26616
-3.62975
-1.95308
2.91563
-3.04029
1.63040
-2.70762
-1.02174
1.44249
0.32022
1.44041
-1.72277
-3.83489
2.73015
2.09860
1.07901
-0.06825
-6.80047
-1.16026
-0.90026
2.92311
-2.31791
0.94083
-1.79134
-2.94478
1.08338
-0.83857
-0.72800
-5.39127
-3.94137
-0.42233
-3.29310
0.74417
4.57525
-4.18793
-5.11223
7.16904
-4.13653
6.46903
4.17139
6.69856
-2.60921
-1.49115
-3.86983
0.22825
-1.05836
-4.76682
-1.03260
6.71597
-1.66540
1.37330
1.66160
3.20603
6.69222
-1.51389
6.22321
-5.63146
-1.86367
-0.86982
2.01011
-1.95944
-5.55529
1.34489
2.38996
6.54194
1.49279
-0.57185
-6.11885
-1.63809
-1.65550
-1.88635
1.40404
-3.73708
-3.44187
-4.33830
-2.03744
-0.44427
-0.37377
0.96822
-1.41818
-0.11713
2.86739
-0.32752
-0.87884
-5.53954
-2.34369
1.18457
3.86376
0.12231
-7.94275
-1.10294
-2.02750
-2.82123
0.56169
-1.34077
1.64710
0.83217
2.61973
1.20520
1.78616
-7.05240
1.69062
-1.76174
-4.61214
-5.52579
-0.98600
-0.66711
-4.88061
5.43321
-2.13456
-0.08791
-1.50337
-5.20481
2.33757
5.30580
-1.49644
5.41993
1.15916
5.59155
-0.43898
-5.50260
2.81030
-1.00162
0.67168
0.74466
-2.44945
0.01557
-0.15630
-1.01729
-0.76932
0.59238
0.31244
-0.79262
0.63946
-1.44127
1.23991
-1.09137
1.48584
2.04035
0.06465
-1.00227
1.02148
0.68949
-0.44989
-1.25054
-0.61545
0.45979
-0.78138
-0.34745
-0.56430
1.19611
-0.31281
0.12728
-1.47950
-1.91295
0.55538
0.58709
-2.60082
-0.97015
1.48168
0.53378
-0.20904
0.23035
-1.27952
0.13527
0.45300
0.77997
-1.18522
-0.45200
0.85864
0.05943
-0.79760
-0.17994
-1.85509
0.38241
0.14608
1.12358
0.22342
1.37301
-0.50614
-0.38987
0.05377
-0.46885
3.11489
1.29799
-0.61365
-0.16211
0.68202
1.20135
0.17378
1.01656
0.26009
0.37830
-0.06225
0.84826
0.66213
-1.72351
0.40059
0.30920
0.03537
1.55075
0.02498
0.78103
1.55933
0.02790
0.39576
0.39611
0.98759
0.58227
1.82403
-1.81161
0.56032
-0.34127
-0.80631
1.07562
0.92821
0.95777
-0.78518
0.09862
-0.40611
-1.42627
0.80933
1.97737
0.67691
0.59573
-0.46018
0.85506
-1.46442
0.30257
0.03039
0.70911
-1.78693
1.05633
-0.11898
-0.83911
1.07699
-0.70918
0.22865
1.24081
1.55294
0.28021
0.11607
0.28276
0.76411
0.19091
-0.09886
-0.46827
-0.85228
-0.84065
1.16272
1.28881
-0.71923
1.59119
0.12032
1.05035
-0.53045
-0.59496
1.79421
0.27026
-0.48987
-0.21364
1.04545
-0.85737
-0.32697
-0.06837
-0.01053
1.16750
0.02400
0.36243
0.48354
-2.26375
1.26286
0.24322
0.47631
-0.04152
0.79036
0.29746
1.20173
1.62827
0.40686
-0.19846
-0.02888
-2.10947
0.27836
-1.24653
0.23236
0.35256
1.83538
0.88163
0.00140
0.80702
1.23314
-0.14885
1.47769
0.31404
-1.42774
0.23545
-1.30350
-0.41275
-0.46623
-1.03925
-0.33052
0.50516
-0.76460
1.06571
1.37521
-0.35383
-0.79463
0.38896
0.22692
0.74977
-0.81513
-0.86896
-1.15895
0.03649
0.00654
-0.45521
0.33283
-0.29906
-0.25589
-0.90465
0.22984
-1.09348
0.55683
-0.31283
0.54724
0.92476
0.38712
1.21366
-0.96380
1.16495
-0.91721
-0.14489
0.73556
-0.02502
-0.01873
1.70934
0.39581
0.04711
-0.87145
0.63486
1.08570
-1.53757
-1.57845
-0.61258
0.14156
-0.17472
0.94414
1.09745
-0.27990
0.57429
-0.87971
1.16928
1.66851
-0.16734
-0.21558
1.86515
1.23909
0.51144
-1.80019
0.23297
0.83390
-0.24978
0.04270
-0.23184
-0.37132
0.40666
0.12079
-0.37693
-0.88548
1.07118
-0.30048
0.23465
-1.58932
-0.17705
-0.09056
-0.30351
-0.85376
0.85510
-1.27136
0.08069
2.15292
-1.15989
0.27645
1.18286
-0.56227
-0.54984
-0.41420
-0.00087
-1.16815
-0.57792
0.34540
0.39352
0.72399
1.31742
-0.36375
-0.58427
-0.75107
-0.23915
0.55557
-0.59702
-0.01177
0.46358
-0.04440
-0.01450
0.36580
0.49207
0.53225
-0.36382
0.30606
-0.89963
1.23285
-0.54813
1.26597
-1.03098
-0.77586
0.78984
-1.39557
-0.84778
1.54184
-0.47613
-0.36420
0.34981
2.03656
0.62919
-1.40212
1.13282
0.59036
-1.87823
-2.19730
0.25275
-1.13410
1.71874
1.29774
0.85752
-0.87650
0.07309
0.55395
-2.58596
0.39703
-1.27149
1.00815
-0.81347
-0.36781
0.64361
-0.25825
-1.21092
2.69904
-0.72138
-0.87110
-1.51788
1.02119
0.45597
0.35274
0.24241
-1.41510
1.21715
-0.45851
-0.14137
0.71331
0.57630
2.00004
-0.10621
-0.61805
0.90824
-0.64779
-0.02501
0.13853
-1.78298
-0.54457
-0.59871
0.01669
-0.08515
0.83475
0.85487
0.12456
0.59033
-0.05488
-1.59724
0.37175
-0.96269
-0.87365
-0.61450
-2.31430
-1.57734
0.11069
0.28460
0.82579
-0.02583
-0.67005
-0.94470
-0.73098
0.13532
0.77141
0.08459
-0.22694
-0.12003
-0.19760
0.26944
0.76129
0.02058
1.55344
-0.65702
-0.62060
0.18806
-0.39047
-0.16650
1.27850
-0.69191
-0.86757
0.85153
0.48563
-0.32567
-0.50540
0.92991
0.28746
1.13352
0.69839
0.33465
0.31884
0.20582
-0.34026
0.44407
1.07639
-0.14410
-0.71682
0.04515
-0.29837
-0.70423
-0.80701
2.03946
-0.45292
-1.45027
-1.05787
0.36065
0.37887
0.30634
1.30673
-0.28581
-0.47619
-0.68410
0.70664
-0.88398
0.29228
0.49441
0.29035
0.10870
-0.08943
-0.02870
0.07219
-0.73323
0.39272
-0.26981
-1.63668
-0.19709
0.05620
-0.40572
-1.01576
0.94234
-1.32780
-1.47013
0.57018
-1.63888
-1.60000
-1.03257
-0.52967
-0.49274
1.92423
0.21692
-0.90423
1.93321
-1.15784
-1.14008
0.69192
-0.01342
-0.14821
-0.83172
0.81390
-0.44058
1.75636
0.47696
0.87519
-0.80445
0.66585
1.24906
-0.08275
1.10597
-0.08291
-1.88370
0.98239
0.61422
1.09399
-0.19134
0.13370
-2.97281
1.44428
0.19530
-1.13651
-0.72426
0.53039
0.51171
-0.72275
0.59319
0.07605
-0.78125
-0.65465
-0.00415
0.16773
1.15043
-1.42242
-0.49449
-0.67194
-1.19327
1.29532
0.19820
0.91006
-0.23890
0.96692
-0.29584
0.76340
0.55117
